0  0.353543
50  0.162083
100  0.068382
0  0.353533
50  0.171345
100  0.086425
150  0.140895
200  0.128218
250  0.132767
300  0.108163
350  0.120163
400  0.109378
450  0.092209
500  0.085943
550  0.083246
600  0.083027
650  0.102456
0  0.353541
100  0.117135
200  0.122557
300  0.092452
400  0.137375
500  0.136218
600  0.134330
700  0.107275
800  0.129642
900  0.177283
1000  0.188795
1100  0.269301
1200  0.308000
1300  0.422943
1400  0.420294
1500  0.414775
1600  0.408483
1700  0.411855
1800  0.449027
1900  0.428086
2000  0.423258
2100  0.428451
2200  0.424700
2300  0.442726
2400  0.429667
2500  0.423019
2600  0.398548
2700  0.425978
2800  0.425444
2900  0.416426
3000  0.409281
3100  0.422018
3200  0.428411
3300  0.430107
3400  0.442937
3500  0.447489
3600  0.419289
3700  0.410584
3800  0.417817
3900  0.403862
4000  0.410147
4100  0.431237
4200  0.414211
4300  0.432147
4400  0.422840
4500  0.416041
4600  0.425143
4700  0.423195
4800  0.415521
4900  0.427843
0  0.353538
