steps, temperature, pressure, energy, Q6

1  0.232523  0.454146  43.598015  
51  0.393778  0.769098  73.833400  
101  0.510981  0.998010  95.808981  
151  810070602727546552320.000000  1582169145952239353856.000000  151888238011414986358784.000000  
201  20067221085213153110083573349613568.000000  39193791182056938911527241800220672.000000  3762603953477466135506615212821184512.000000  
251  3805854319122407119545648798356209664.000000  7433309217035951903424685299447365632.000000  713597684835451307170906062832623681536.000000  
301  3840109208331865426554439721845522432.000000  7500213297523174402984723049795813376.000000  720020476562224780465465275737559793664.000000  
351  215682405153450769162493710216489968733199589450075602944.000000  421254697565333517186941915561535723940049291419804762112.000000  inf  
401  215682405153450769162493710216489968733199589450075602944.000000  421254697565333517186941915561535723940049291419804762112.000000  inf  
451  92821120213124740167069384341698874977590707178394181733909004288.000000  181291250416259255581179525963300508334158392704305851801159073792.000000  inf  
501  46007804390171820248532351615342711368353574942817750952563441664.000000  89858992949554336970977863247804827467697388328797052200200175616.000000  inf  
551  46002518079255744465284901965381516019707292152316999092844625920.000000  89848668123546381206703009475658851964348323581520085105967628288.000000  inf  
601  3505873454630757127724633338767165638444075615449958140956219801600.000000  6847409091075696930486519557418453106112152099912491631682099609600.000000  inf  
651  3939541685380810572292664752605340343809608608603133539091818217472.000000  7694417354259395403476835773340615100784089917342447891342040236032.000000  inf  
701  6219488869825702283184719420118669140834846285124365816005459488674938880.000000  12147439198878324489865975598095725727757206154976637198537664582035439616.000000  inf  
751  6162556947173725590542336408272017730323973436242946305790482152358412288.000000  12036244037448682438489035316520069490402500318790273903949559107229319168.000000  inf  
801  6308502202674879609387461544962940648238853415884183184787716304738975744.000000  12321293364599374102225278233807523918056972188671587124339465655536320512.000000  inf  
851  6145772639635010625434372716063237840269458213114392374685988007528366080.000000  12003462186787130765319654211270776483848648867017667992204045155582345216.000000  inf  
901  6092151695740870776346416775871711159436096802059664274547846625712144384.000000  11898733780743888051152130361467772855271983308485679751977568278811770880.000000  inf  
951  6092151695740870776346416775871711159436096802059664274547846625712144384.000000  11898733780743888051152130361467772855271983308485679751977568278811770880.000000  inf  
1001  62039839987448224013457498531940495412458128307240448259549905099330932441088.000000  121171562475484816945363798532419537842853035788276157442991641299811024502784.000000  inf  
1051  3629819331059947064408679030518072820224805145925493642523447205391474098176.000000  7089490880976459110173201231480610977001572550635729770553607823030222848000.000000  inf  
1101  2862384015816857561945141539291242015021621530477852290641262274896935780352.000000  5590593780892299668312933418074295743321738200200232194962142157632662667264.000000  inf  
1151  2862291509033993715449866059031749960100046271707298775534096811328760971264.000000  5590413103582018912717002292679579002462508642351653759941478389986141143040.000000  inf  
1201  2862289822728995825943249096268516721898124595733353960980720711482369638400.000000  5590409810017569872111780624962554501084643829719044297402783028189450993664.000000  inf  
1251  2083398582117161270201089564897943313961615744208357717017162888951151722496.000000  4069137855697580618415706527214657062752859596822281498253857156410787233792.000000  inf  
1301  2083398582117161270201089564897943313961615744208357717017162888951151722496.000000  4069137855697580618415706527214657062752859596822281498253857156410787233792.000000  inf  
1351  56267329295717835616581672591170983635004158668869057166676715313772229466630351524724736.000000  109897127530698897136496371536385724417337028417972841082576741823580461264010467417784320.000000  inf  
1401  55463510395611628366329045965975685087322504626977351758441280960677078967963511901126656.000000  108327168741428964965824664361766877904859580742537357329737933518107966337315361605550080.000000  inf  
1451  54659691409695574583763170483655071808589785562535743895043773383887306410076057448218624.000000  106757209784561673084318338102253553688571301598394285406846137860547551105793752611946496.000000  inf  
1501  54659691409952417607875874656877936599677782141344553574164788360591528060345562999816192.000000  106757209785063316302950216981108843514982231023408024634847063595137437538464753218748416.000000  inf  
1551  53052132300014533057511688386817195897543370592652033242296954964186831795067746024161280.000000  103617445898465882006826036115627800164530956981530914206699907741546598902131614352932864.000000  inf  
1601  53052132325545819445584038512624443109588688758388277738993436530359833238561555140837376.000000  103617445948331677389948968184830388859898375970470625327576376621371015585461273995771904.000000  inf  
1651  53052135736940929529647186673733728217381798193344755749048434240096065470617127730806784.000000  103617452611212753760587752312679332117266481171403326746884428008270922050501790664753152.000000  inf  
1701  53052135736940484284186862520882673226411610977878767223106421584118618825854401990623232.000000  103617452611211877404443622234051858801706112683819476314871577701267693733825949525344256.000000  inf  
1751  53052135688638383890334096151047894485151689733816695900642812994610986062792736701939712.000000  103617452516871841658533775217982068734058299472009811114241353699754439149685474997567488.000000  inf  
1801  53052129773032573471011337193893584424565630703826540710627057996173444329090862941208576.000000  103617440962954245281424901054121448277141935061276026803878959758228628220456366843625472.000000  inf  
1851  53052129733791260599084636024251781925755562022675352167734523562560027406046841410682880.000000  103617440886311062814547497299755059307975241250779453273324335280874701131259654719930368.000000  inf  
1901  52784196466894595485772920093662123664876619318222222322768976123324555976524111770812416.000000  103094133724403503937023754293059299710103708398660189754496824067987466444038578701860864.000000  inf  
1951  52784196479059570750584646949574631952761711364938538180632000231694286724442369554382848.000000  103094133748163229312348891359891921183674125941968722627280822524658593240894719332974592.000000  inf  
steps, temperature, pressure, energy, Q6

1  0.202458  0.395425  37.960804  
51  0.355241  0.693830  66.607724  
101  0.361921  0.706878  67.860243  
151  0.431400  0.842579  80.887576  
201  0.472586  0.923020  88.609908  
251  0.537502  1.049808  100.781582  
301  45867231249598.882812  89584436034372.812500  8600105859299790.000000  
351  87853745573874638321118611505152.000000  171589346823973916763208646918144.000000  16472577295101494856346525497294848.000000  
401  4866841985794814485284927974670336.000000  9505550753505497230723309300088832.000000  912532872336527697255949545389424640.000000  
451  118432739837113720559826638351615092770396270755840.000000  231313944994362716646335290841748074644131022897152.000000  inf  
501  118432739885334020716978860776393930886259746537472.000000  231313945088543006292182354528053855213821882269696.000000  inf  
551  118432739885334373793165241144672670960010133504000.000000  231313945088543712444555115264611335361322656202752.000000  inf  
601  35764479800015455410572751328280348597366585369066422506039411736576.000000  69852499609405189903146886926803452925593125214958160260336170565632.000000  inf  
651  143057919152802077631512421902204568838553027835144173818692551835648.000000  279409998345316541785837675289163974926636243949672484117128457224192.000000  inf  
701  143057919152802077631512421902204568838553027835144173818692551835648.000000  279409998345316541785837675289163974926636243949672484117128457224192.000000  inf  
751  143057919152802077631512421902204568838553027835144173818692551835648.000000  279409998345316541785837675289163974926636243949672484117128457224192.000000  inf  
801  35374523027755869686165813365031512070156537525825741940750125367296.000000  69090865288585685880411852693088561728135195464233913225397753872384.000000  inf  
851  73907983368178161959653676974125741141904584947868187579227527561871360.000000  144351530015972966064342539160061690144807527087491023486037495488970752.000000  inf  
901  71493328200914318852922622886788606085348568193642445363193513836019712.000000  139635406642410781116795866516356176503173584584883028575753624713428992.000000  inf  
951  9624814824100137476863451247927289211474251405040493142388869699731456.000000  18798466453320580386922614741840638033082167495656607323615492745199616.000000  inf  
steps, temperature, pressure, energy, Q6

1  4.406716  889.806488  16086.297399  
51  4554193906384808053308763597987238641664.000000  8894909973407827671879433923700690255872.000000  inf  
101  5849285562038562912989204070908729682296832.000000  11424385863356569311315199803369486788067328.000000  inf  
151  6370472880798435825646112135400155774976.000000  12442329845309444046381232122002967363584.000000  inf  
201  6177715186132464060455241465970680659968.000000  12065849972914968471397858927173787713536.000000  inf  
251  551088317900654683626222645218549694464.000000  1076344370899716246251188484834924167168.000000  inf  
301  192510211906988376811805692634816531700645888.000000  375996507630836653034547345218601502642274304.000000  inf  
351  538969668871920872823296469590635184128.000000  1052675134515470416954069054212047634432.000000  inf  
401  15896737824349427622899435126969748946944.000000  31048316063182474541491775891819292786688.000000  inf  
451  533777685573092053019819848109767262208.000000  1042534542134945398345461330078219632640.000000  100083316044954753405461009228992385908736.000000  
501  34019126590371544837039650846539776.000000  66443606621819426103916453425053696.000000  6378586235694664610828074349452328960.000000  
steps, temperature, pressure, energy, Q6

1  0.221958  6.314009  15102.533516  
51  16.496023  50.030368  13836.486426  
101  13.597236  66.731615  11951.569733  
151  11.507891  -32.166876  11100.266441  
201  9.710307  13.533333  10233.419413  
251  7.381209  17.328205  9399.596180  
301  6.711650  -23.425468  8802.380677  
351  5.509873  -3.231745  8300.275698  
401  4.415323  4.844125  7782.178568  
451  4.102584  10.846918  7536.990457  
501  3.297619  6.147244  7300.997156  
551  2.722020  35.618772  7075.927710  
601  2.386499  12.974696  6877.937552  
651  2.207171  -12.040671  6720.772863  
701  2.295939  21.692723  6585.987177  
751  1.893286  -24.287569  6449.794286  
801  1.649729  -25.243154  6371.392582  
851  1.510307  12.358144  6321.673002  
901  1.381715  3.675352  6280.129761  
951  1.250871  9.451738  6261.823254  
1001  1.303376  0.334037  6245.185325  
1051  1.306712  32.122252  6234.707999  
1101  1.224146  22.071984  6217.773698  
1151  1.240931  10.742660  6192.359869  
1201  1.013260  1.928912  6167.066075  
1251  1.103963  6.357566  6141.844191  
1301  0.928998  -4.353067  6132.208819  
1351  1.004255  -5.683861  6131.772523  
1401  0.960676  -0.807596  6105.159434  
1451  1.022413  17.315632  6134.595963  
1501  0.961375  9.587892  6134.467513  
1551  1.044986  -16.958726  6147.303172  
1601  1.000046  0.395516  6147.911537  
1651  0.949057  0.433400  6148.093695  
1701  0.944932  15.123448  6134.208076  
1751  1.000419  4.237274  6119.810052  
1801  1.006698  7.363676  6129.981861  
1851  0.958870  -10.436381  6130.390560  
1901  1.029215  5.844558  6144.829338  
1951  0.978240  9.162447  6129.622209  
steps, temperature, pressure, energy, Q6

1  0.205390  -3.273122  15098.112073  
51  16.316149  -22.393907  13854.754921  
101  13.515788  52.812047  12114.209872  
151  12.261011  68.137674  11218.814306  
201  9.477466  60.302254  10191.770519  
251  7.454211  -4.073753  9390.750474  
301  6.457100  34.217040  8859.473908  
351  4.757938  -15.502349  8273.099577  
401  5.367471  -12.336005  7689.078472  
451  4.611898  -23.584152  7299.847961  
501  3.653112  15.139733  6940.388408  
551  2.922109  3.619078  6657.306493  
601  2.634764  2.993092  6445.655240  
651  2.158815  35.270187  6333.386745  
701  2.028684  10.492874  6251.957672  
751  1.818301  -13.157228  6177.085789  
