steps, temperature, pressure, energy, Q6

1  0.218012  4.385685  15102.694508  
51  18.812926  41.852807  13740.719843  
101  13.732342  54.144588  11879.403231  
151  13.541515  32.571617  10904.890814  
201  10.916012  29.757828  9898.903954  
251  8.504760  -23.320232  9282.853097  
301  7.900947  54.138755  8733.232811  
351  6.254568  -16.818951  7858.252409  
401  4.520399  42.604120  7403.635352  
451  3.802725  1.170436  7053.116644  
501  3.204666  16.190860  6845.785748  
551  2.535573  -0.654052  6589.009372  
steps, temperature, pressure, energy, Q6

1  0.992002  1.054102  -1665.217287  
51  0.568671  1.032838  -1742.849734  
101  0.472643  0.655786  -1759.153729  
151  0.404200  0.435974  -1767.843956  
201  0.399147  -0.995016  -1770.148070  
251  0.377142  -0.837101  -1755.602541  
301  0.386542  0.443629  -1763.638009  
351  0.368553  -0.042712  -1756.978506  
401  0.368822  0.722422  -1751.523129  
steps, temperature, pressure, energy, Q6

1  0.994367  1.070997  -1664.300148  
51  0.553526  0.176995  -1743.652911  
101  0.439008  -0.540822  -1764.845897  
151  0.396996  -0.186217  -1765.792055  
201  0.388664  0.480984  -1771.122440  
251  0.400257  -0.066124  -1763.527482  
301  0.354416  -0.792126  -1773.092207  
351  0.387968  -0.064540  -1769.148376  
401  0.402545  0.430537  -1751.081083  
451  0.383459  -0.266543  -1745.877657  
501  0.397731  0.107024  -1745.540247  
551  0.385555  1.599681  -1755.508437  
601  0.391269  0.559880  -1763.659656  
651  0.400888  -1.459839  -1752.814551  
701  0.384783  -0.074714  -1748.451569  
751  0.403763  1.706849  -1754.454958  
801  0.397306  0.055495  -1744.089669  
851  0.413813  0.075857  -1739.022799  
901  0.405458  0.980591  -1740.878955  
951  0.413666  -0.633157  -1737.350887  
1001  0.396315  -1.278778  -1742.237092  
1051  0.386868  -0.991285  -1737.425057  
1101  0.420348  -0.732093  -1732.659621  
1151  0.404770  -0.801892  -1737.381366  
1201  0.444605  0.586058  -1735.895003  
1251  0.423754  1.213952  -1734.131493  
1301  0.393451  1.663659  -1740.581780  
1351  0.412584  1.285741  -1735.696486  
1401  0.441539  0.054023  -1729.488371  
1451  0.414521  0.565432  -1742.082044  
1501  0.388934  0.545944  -1753.817913  
1551  0.397510  0.199193  -1753.393323  
1601  0.375058  0.928322  -1750.644823  
1651  0.396420  -0.224143  -1745.344115  
1701  0.391931  0.192874  -1742.538720  
1751  0.397799  0.069902  -1742.423820  
1801  0.415277  0.384573  -1738.544881  
1851  0.412478  -0.692959  -1741.459196  
1901  0.409326  1.406202  -1746.197594  
1951  0.405657  -0.438772  -1741.132140  
steps, temperature, pressure, energy, Q6

1  0.515463  0.564974  -1848.156412  
51  0.479612  1.636692  -1727.100669  
101  0.537616  0.004689  -1663.997466  
151  0.617031  -0.099999  -1589.228930  
201  0.682190  -0.015886  -1540.840132  
251  0.759732  0.666406  -1513.754729  
301  0.781926  0.359661  -1482.488482  
351  0.805044  -0.029058  -1456.072022  
401  0.847732  0.038918  -1434.260755  
451  0.781872  0.602846  -1420.095962  
501  0.952392  0.383132  -1402.254816  
551  0.941583  3.759472  -1371.574531  
601  0.887592  2.023569  -1367.815776  
651  0.935229  4.643920  -1356.005700  
701  0.934461  0.308620  -1340.645735  
751  0.978349  0.956360  -1330.915123  
801  0.957972  1.393347  -1340.708049  
851  0.991189  1.093918  -1314.130827  
901  1.016635  0.201903  -1303.178168  
951  0.955224  -0.543714  -1316.198331  
1001  1.022882  0.569268  -1274.985912  
1051  1.063989  2.115419  -1291.003098  
1101  1.043449  1.865132  -1281.710385  
1151  0.969640  0.625580  -1320.512555  
1201  0.993822  0.582116  -1314.237459  
1251  1.071510  0.903642  -1293.976652  
1301  1.010351  3.661971  -1269.480408  
1351  1.021085  1.547987  -1305.254842  
1401  0.946370  0.189588  -1306.234618  
1451  0.996725  1.802426  -1329.745608  
1501  0.972205  2.660995  -1319.648806  
1551  1.049856  2.547306  -1311.761695  
1601  1.026972  0.135785  -1306.896040  
1651  1.052610  0.643510  -1283.506113  
1701  1.008049  0.918916  -1293.400336  
1751  1.013758  0.107403  -1279.358593  
1801  0.916297  0.523091  -1319.153201  
1851  0.958175  2.180203  -1329.009317  
1901  1.012185  0.237521  -1311.443997  
1951  0.996471  -0.583667  -1335.145747  
